Sample	File	RL10_ECOLI	RL11_ECOLI	RL13_ECOLI	RL14_ECOLI	RL15_ECOLI	RL16_ECOLI	RL17_ECOLI	RL18_ECOLI	RL19_ECOLI	RL1_ECOLI	RL20_ECOLI	RL21_ECOLI	RL22_ECOLI	RL23_ECOLI	RL24_ECOLI	RL25_ECOLI	RL27_ECOLI	RL28_ECOLI	RL29_ECOLI	RL2_ECOLI	RL30_ECOLI	RL31_ECOLI	RL32_ECOLI	RL33_ECOLI	RL34_ECOLI	RL35_ECOLI	RL36_ECOLI	RL3_ECOLI	RL4_ECOLI	RL5_ECOLI	RL6_ECOLI	RL7_ECOLI	RL9_ECOLI
Restrictive_1	FG-SW-3	0.261396951	0.380579178	0.285647422	0.219376287	0.309648004	0.472583286	0.036382475	0.277503223	0.314858631	0.238114066	0.419292108	0.337161981	0.271716665	0.180378389	0.322140648	0.543643652	0.177651367	0.084068745	0.261704859	0.253753194	0.201100788	0.383362727	0.059408369	0.381830689	0.202426671	0.035872111	0.123142996	0.21365025	0.290656006	0.279818661	0.325742378	0.273528636	0.307213992
Restrictive_2	FG-SW-4	0.296336932	0.513166211	0.426991051	0.201771888	0.383416988	0.311583938	0.05127946	0.384854813	0.478485855	0.383237419	0.488063686	0.485568947	0.376785833	0.396991747	0.422020195	0.307858896	0.173240087	0.058713693	0.309987749	0.307656268	0.227239478	0.524853527	0.07377447	0.436913013	0.303923547	0.03203416	0.14145789	0.317808764	0.395010521	0.36694531	0.359786288	0.385052418	0.341390807
Restrictive_3	FG-SW-5	0.46447839	0.658066761	0.58389443	0.281812527	0.556622243	0.327724315	0.040651781	0.632122735	0.463725243	0.624725545	0.737543334	0.658289488	0.595432232	0.682990822	0.620016926	0.449423784	0.223236114	0.098567714	0.462024219	0.408325139	0.262902985	0.641066342	0.051334874	0.384366408	0.289580381	0.04140523	0.119338424	0.467895091	0.587068905	0.54984405	0.446008836	0.475587543	0.420063982
Restrictive_4	FG-SW-6	0.773527869	0.961948033	0.932494682	0.455312062	0.980644749	0.531276536	0.034290816	1.036540467	0.631169436	0.953557477	1.167923632	1.023217756	0.882247063	0.652308524	1.021443653	0.596418023	0.318681687	0.185823242	0.833421594	0.673128219	0.373478666	0.953849977	0.060219519	0.448975615	0.54040303	0.037339275	0.154262333	0.883970366	0.950838041	0.888409216	0.690909691	0.842858319	0.586757823
Restrictive_5	FG-SW-7	1.260289	1.713991197	1.675899384	0.836486796	1.680681191	1.030177642	0.044069332	1.733595896	1.074211062	1.663666414	1.858873242	1.683963572	1.507387413	1.306975236	1.68441696	1.173332322	0.867870055	0.288744812	1.352357199	1.365236809	0.703304417	1.646187422	0.053499849	0.542487502	0.974864245	0.040274957	0.450128515	1.502083257	1.681493623	1.502527351	1.270265031	1.485323984	0.955568462
Restrictive_6	FG-SW-8	2.3276794	2.931290493	2.471714563	1.506086131	2.79060351	2.00413829	0.05681894	3.00570522	1.760827976	2.811072777	3.143318481	2.79570038	2.547865972	2.14410146	3.032810018	2.26332713	1.561865807	0.419926937	2.619602153	2.55871572	1.364957756	2.813060699	0.077671119	0.780036308	2.398521632	0.053334722	0.903991253	2.559161052	2.836241901	2.520827907	2.562777239	2.690695967	1.526571632
Restrictive_7	FG-SW-9	3.222779363	4.352156326	4.340587261	2.74604888	3.98393991	3.180680247	0.092309358	4.207915091	3.115728021	4.064889257	4.315721202	4.071697857	3.722870309	3.425035504	4.785932692	3.681924664	2.726333906	0.705936704	3.677603831	3.77663172	2.035630318	4.310881321	0.124126561	1.112663736	3.168282226	0.087717107	1.159984307	3.743146709	4.366269188	3.852790303	4.03094146	4.225443512	2.338818951
Restrictive_8	FG-SW-10	3.983541731	5.496557257	5.457855631	4.142354711	5.49244463	3.836192804	0.122700328	5.581555872	4.213480574	4.974300242	5.550621337	5.335620787	5.511722071	4.830637249	6.060267699	4.459167514	4.508418937	1.476873859	4.835823144	5.018577467	2.40042153	5.182652573	0.214751863	1.459590725	4.831182479	0.112157555	1.344275201	5.326512557	5.389137908	4.752847061	4.763334089	5.730495697	3.240164602
Restrictive_9	FG-SW-11	4.920881935	6.5491076	6.563688651	5.549081447	6.59723329	4.744839664	0.161759496	7.241720195	5.711495165	6.29473075	6.381911398	6.331627208	5.979637773	6.202281407	7.332653966	5.98045181	3.933474488	3.119483566	6.70870904	6.563640734	3.519285931	6.155568364	0.152460922	1.933644188	6.537005605	0.148105314	1.434777847	5.960349191	6.413275426	6.26755162	5.796168933	6.946931583	4.539422799
Restrictive_10	FG-SW-12	5.194932354	7.247744154	7.330731255	6.197358121	6.636307309	4.508418877	0.249200067	8.426616281	6.512114607	7.118418924	7.564008359	6.744308788	6.77752724	6.008228166	8.526201069	6.790780176	6.088619231	3.908387634	7.637972973	7.19365651	3.931828689	6.800515292	0.225539405	2.24740533	6.267518352	0.238794824	1.235892299	6.594984876	6.93142862	6.792764836	5.887549674	7.277163655	5.68058273
Restrictive_11	FG-SW-13	4.00760209	5.588169608	5.962824048	5.342357067	5.08173712	3.021352967	0.28000373	5.860448047	4.94921893	5.610982794	5.8220505	5.580535379	5.384669142	4.904741558	6.723640106	5.095485278	4.736725061	3.340096329	5.605078778	5.644117499	3.387177202	5.286456315	0.206713217	1.515595181	4.809029646	0.316648335	0.900282473	4.941546864	5.788129974	5.618790673	5.122792401	5.481754412	4.483576572
Restrictive_12	FG-SW-14	2.688369365	3.498492636	3.865548237	3.512213791	3.72776891	1.715450518	0.285684958	4.440304201	3.198568791	3.690987861	4.02765177	3.777497753	3.417044732	2.68720832	4.212112857	3.458854832	3.249346748	2.040265629	3.732057756	3.617104742	2.310734322	3.298235982	0.292681586	1.226991585	2.958639437	0.325896311	0.569538806	3.391163819	3.859647986	3.668368298	3.077342841	3.549313726	2.924705126
Restrictive_13	FG-SW-15	1.508980884	1.984494844	2.354230468	2.05632045	2.41196391	0.887309505	0.284165016	2.387807725	1.82916397	2.237973868	2.375795497	2.310770527	2.070319433	1.486328491	2.465326566	1.906558426	1.906062239	1.468930345	2.185603141	2.460925297	1.305529373	1.982843334	0.273751902	0.816303116	1.931700349	0.277868199	0.585129223	2.167970497	2.33912014	2.176273403	1.869613877	1.832827071	1.671690428
Restrictive_14	FG-SW-16	1.050593551	1.324374046	1.367901494	1.34360787	1.529867601	0.562272669	0.324855918	1.630130868	1.104886308	1.455421796	1.602996703	1.542277898	1.400567474	1.270740518	1.564392625	1.187016978	1.321701998	1.045267156	1.463920925	1.401275802	0.903298494	1.288890854	0.279152087	0.60341221	1.313035203	0.307939048	0.417863906	1.382373043	1.484096345	1.436136222	1.160893579	1.237472888	1.061151509
Restrictive_15	FG-SW-17	0.881082715	1.147450741	1.241106314	1.100016	1.137251965	0.657853905	0.535164831	1.124019076	0.872626839	1.144835281	1.291247974	1.213664771	1.136479493	1.04251252	1.179202463	0.972183742	1.185904804	0.882578081	1.071247883	1.093525942	0.771708162	1.12609266	0.460381588	0.551993223	0.928359016	0.492341026	0.62622979	1.105304926	1.171035351	1.185391193	0.924280867	0.962655671	0.89978641
Restrictive_16	FG-SW-18	1.032264278	1.286575314	1.355774615	1.327204254	1.323570091	0.976055013	0.907752841	1.306725082	1.078545533	1.293544338	1.444137217	1.379585279	1.255922961	0.815605896	1.350845851	1.250230489	1.3434618	1.064751605	1.1737088	1.186496817	0.974886562	1.302337971	0.84513615	0.786881538	0.992884863	0.809754163	0.911677909	1.209917091	1.352593852	1.288319928	1.165771136	1.178482164	1.097200119
Restrictive_17	FG-SW-19	0.943962608	1.144921097	1.242049687	1.120419635	1.235742426	0.911405962	0.810149544	1.229861359	0.953873422	1.176020089	1.324238076	1.268963089	1.160129903	1.41691859	1.267330132	1.038381973	1.161705744	0.972194982	1.164812302	1.090582595	0.865985005	1.140434093	0.750928558	0.709994428	1.541383427	0.716217335	0.739437888	1.126734056	1.191313553	1.176049354	1.101233218	1.138664448	0.932897371
Restrictive_18	FG-SW-20	0.815166095	1.03726156	1.04315145	0.96382248	1.069628867	0.707745052	0.648901615	1.086965936	0.824898945	1.020916467	1.168953968	1.089001782	0.980658953	0.743793546	1.078403234	0.818873371	0.950098389	0.782791289	0.96145357	1.051189637	0.761237616	0.956814283	0.596507191	0.550122665	1.315330671	0.6388633	0.796322361	1.032933788	1.045021809	1.037615949	0.982823803	0.943145932	0.76399311
Restrictive_19	FG-SW-21	0.897755841	1.136939891	1.190323699	1.100588148	1.123503882	0.835884801	0.768289095	1.012073229	0.924933919	1.143628022	1.299256149	1.214091461	1.024328783	1.029313555	1.225402244	1.059838778	1.012345674	0.888746234	0.996779221	1.101694828	0.780004255	1.169766408	0.616159616	0.555709493	1.203894852	0.764406584	0.854444153	1.171949098	1.213906101	1.197636327	1.008483455	1.131103235	0.884347112
Sample	File	RL10_ECOLI	RL11_ECOLI	RL13_ECOLI	RL14_ECOLI	RL15_ECOLI	RL16_ECOLI	RL17_ECOLI	RL18_ECOLI	RL19_ECOLI	RL1_ECOLI	RL20_ECOLI	RL21_ECOLI	RL22_ECOLI	RL23_ECOLI	RL24_ECOLI	RL25_ECOLI	RL27_ECOLI	RL28_ECOLI	RL29_ECOLI	RL2_ECOLI	RL30_ECOLI	RL31_ECOLI	RL32_ECOLI	RL33_ECOLI	RL34_ECOLI	RL35_ECOLI	RL36_ECOLI	RL3_ECOLI	RL4_ECOLI	RL5_ECOLI	RL6_ECOLI	RL7_ECOLI	RL9_ECOLI
Restrictive_1	FG-SW-23	0.012958334	0.080025016	0.047825119	0.030953403	0.048243423	0.014961465	0.457977703	0.039788643	0.049671698	0.055623074	0.065892213	0.057126859	0.058903608	0.153254996	0.086045448	0.028293153	0.036524209	0.00970863	0.048999644	0.049775219	0.039971657	0.071995604	0.02673611	0.052698968	0.046689034	0.012944488	0.02136648	0.060871049	0.070693601	0.038969922	0.016744604	0.027795013	0.019467107
Restrictive_2	FG-SW-24	0.01372408	0.076557333	0.064939621	0.039902887	0.053630457	0.012476151	0.528370295	0.046278039	0.046988541	0.060520052	0.066164778	0.060894242	0.064787519	0.135744803	0.072698989	0.026934026	0.037840974	0.009193332	0.062019488	0.052781031	0.030133432	0.067367922	0.024759059	0.041986365	0.072179559	0.02027696	0.013199638	0.06741867	0.083429315	0.042467029	0.018031172	0.02574818	0.020439086
Restrictive_3	FG-SW-25	0.019106966	0.095555238	0.066612204	0.051653039	0.068491536	0.011376927	0.53864192	0.048313333	0.073536454	0.069414829	0.077512571	0.084239974	0.102573224	0.182225564	0.110709539	0.028990023	0.025321952	0.015481776	0.073839075	0.064500432	0.031007413	0.067679197	0.036735041	0.036013921	0.100017518	0.014634268	0.017319521	0.08850575	0.089423636	0.050961074	0.02672776	0.030985445	0.026572986
Restrictive_4	FG-SW-26	0.024672463	0.122580861	0.073610486	0.061531904	0.084090272	0.019816105	0.520027292	0.055641415	0.083443752	0.084188513	0.084290384	0.093190579	0.102558948	0.127546794	0.098132422	0.029178379	0.037972551	0.026103175	0.090790721	0.068756261	0.047452745	0.082134281	0.046052435	0.060818757	0.140732727	0.016322259	0.030556145	0.096708331	0.099711413	0.06054349	0.035600002	0.033753882	0.036395819
Restrictive_5	FG-SW-27	0.037058836	0.152251875	0.108315001	0.098889259	0.118584607	0.023336978	0.672184357	0.086136088	0.103684157	0.12198433	0.119785545	0.130762669	0.124724934	0.12564581	0.139549424	0.055844119	0.054607805	0.048983265	0.127907302	0.105274845	0.06925046	0.091121306	0.075540811	0.055728839	0.138905863	0.017920719	0.022040151	0.140622545	0.141483027	0.090576591	0.060845784	0.060159369	0.066853903
Restrictive_6	FG-SW-28	0.068810178	0.283849409	0.193945815	0.187991043	0.205491609	0.050225607	0.91980884	0.186284698	0.18861965	0.207474233	0.200223775	0.211503288	0.206588986	0.24236165	0.216328413	0.094627328	0.100164854	0.124783297	0.224658814	0.200871456	0.164473415	0.171755753	0.153312202	0.101382756	0.185927907	0.041681137	0.063188569	0.232258321	0.251936887	0.163131934	0.10076834	0.104888353	0.15444621
Restrictive_7	FG-SW-29	0.218239104	0.732803361	0.436326191	0.462718116	0.463167476	0.27002717	1.465764806	0.408853144	0.374833929	0.520018347	0.442734759	0.447884363	0.446228479	0.483908463	0.513356044	0.363532389	0.395716104	0.377584335	0.502778578	0.4932125	0.536538286	0.386969545	0.355655432	0.295219775	0.389264221	0.240394168	0.323837145	0.518600547	0.582906028	0.381958716	0.317635646	0.322009185	0.45450954
Restrictive_8	FG-SW-30	0.320161936	0.968743704	0.544112295	0.573167823	0.592816684	0.429574522	1.61612645	0.582308946	0.544598657	0.639329869	0.54674441	0.543180215	0.528664599	0.448524201	0.641863422	0.527018114	0.533996721	0.524875333	0.679724361	0.599217024	0.785539547	0.494983995	0.51883863	0.480350805	0.435811435	0.404182512	0.490961582	0.672934591	0.686584716	0.497167332	0.548152007	0.478089519	0.593308377
Restrictive_9	FG-SW-31	0.229377421	0.737445153	0.387206742	0.416618386	0.419552484	0.34406068	1.13685209	0.394074854	0.398953777	0.442803505	0.369675727	0.403485721	0.387271458	0.32293547	0.455203033	0.371127012	0.344599785	0.387150426	0.492265989	0.44215429	0.602826219	0.352676034	0.375386051	0.393251113	0.336328715	0.315170413	0.273778164	0.490806854	0.496710744	0.354243296	0.361252786	0.349141484	0.430470006
Restrictive_10	FG-SW-32	0.159068309	0.51657463	0.271164003	0.289502882	0.285870586	0.254083177	0.770544924	0.280697497	0.256875754	0.317751495	0.264486349	0.264879087	0.264043686	0.248435319	0.301833288	0.249449665	0.294954845	0.264568594	0.306570392	0.301531403	0.404058308	0.255927657	0.251924897	0.292725955	0.269513638	0.23706883	0.237497069	0.326473531	0.329818252	0.242508587	0.237437262	0.239877405	0.300231401
Restrictive_11	FG-SW-33	0.184031722	0.543398211	0.277245211	0.300594425	0.30853291	0.256046503	0.794417964	0.264545993	0.298946474	0.340352034	0.282316479	0.282312141	0.275075909	0.250693772	0.327329668	0.289496653	0.287369663	0.288475797	0.352496885	0.318895869	0.430587092	0.275172651	0.224979613	0.257027419	0.227851992	0.251888136	0.23721053	0.345763834	0.359887284	0.256885927	0.263505728	0.288604086	0.3108374
Restrictive_12	FG-SW-34	0.274824312	0.803029108	0.40368699	0.420971107	0.434787722	0.401563855	0.917515291	0.421683348	0.406544796	0.475954227	0.39901413	0.402493124	0.389599907	0.363017334	0.472901284	0.430334406	0.421437478	0.42509411	0.483544335	0.448613984	0.640845838	0.42491037	0.364893533	0.373233123	0.343560578	0.377366407	0.457022128	0.488356133	0.525863558	0.371586889	0.412932344	0.419685145	0.451602753
Restrictive_13	FG-SW-35	0.5413956	1.587613805	0.78908928	0.808190838	0.788525748	0.776915085	1.440612535	0.870955388	0.805554278	0.924830444	0.745283299	0.765003996	0.750600263	0.666176623	0.927816143	0.893489786	0.855114284	0.777605267	0.984704062	0.920346769	1.196059899	0.934989873	0.697757786	0.742735296	0.633719706	0.737530789	0.706505536	0.875934995	0.979131007	0.728104716	0.792234244	0.954841713	0.890834353
Restrictive_14	FG-SW-36	0.598864753	1.561853263	0.812769911	0.806870733	0.787163983	0.794108052	1.276013189	0.914522978	0.906323042	0.916628665	0.832203642	0.746366299	0.795072364	0.82682982	0.943233827	0.906880794	0.888499125	0.797001936	1.023088639	0.86839614	1.16558255	0.93613933	0.740448971	0.738578202	0.644628683	0.749235269	0.856308014	0.873241266	0.97846928	0.70444695	0.854704764	0.942991147	0.886226335
Restrictive_15	FG-SW-37	0.541624275	1.485122469	0.709691691	0.721934107	0.721272862	0.713553908	1.010570738	0.784814238	0.754625974	0.803425509	0.739212658	0.693593755	0.677013087	0.777304039	0.856499152	0.734042403	0.743407111	0.707299033	0.919421394	0.804558681	1.050387675	0.817443008	0.623132393	0.597581543	0.552779395	0.663525406	0.677916547	0.798359929	0.880214853	0.666971883	0.716901675	0.831908815	0.775955866
Restrictive_16	FG-SW-38	0.481093716	1.23766747	0.619122478	0.648512346	0.61744176	0.605998775	0.810052222	0.683431247	0.601544946	0.709909106	0.639453661	0.616278806	0.614530399	0.625645319	0.68065109	0.661107816	0.628864059	0.623079179	0.810356909	0.660325974	0.919475207	0.712498538	0.562101248	0.540216166	0.45719154	0.570098174	0.708027483	0.669325543	0.782133322	0.575733209	0.62985618	0.722425927	0.661966189
Restrictive_17	FG-SW-39	0.367510116	0.924085422	0.461729801	0.474938865	0.482614448	0.419014368	0.564462752	0.518393366	0.468721003	0.532468449	0.486670658	0.465068999	0.468061007	0.440485569	0.539334346	0.454576525	0.492087391	0.470347283	0.575958193	0.51377912	0.685093019	0.543055664	0.393572829	0.399059556	0.43813163	0.433273052	0.529540939	0.540107484	0.554053954	0.434929461	0.497300972	0.513959038	0.491596149
Restrictive_18	FG-SW-40	0.255939488	0.597680071	0.320347233	0.329666137	0.307052345	0.355454054	0.380318265	0.359727198	0.329739098	0.356211588	0.349532688	0.316748623	0.344382529	0.361912322	0.378735721	0.384113872	0.320410541	0.330512988	0.416312014	0.352179772	0.681211732	0.38359845	0.280728642	0.261142658	0.229272724	0.298448328	0.260116738	0.371124061	0.406975453	0.290447416	0.323786256	0.354740752	0.347283036
Restrictive_19	FG-SW-41	0.174560849	0.432324407	0.211884343	0.217222037	0.229233428	0.181270777	0.26436258	0.214229371	0.227561704	0.237363591	0.236568556	0.224252006	0.207714913	0.234211822	0.278079774	0.243993676	0.226521891	0.225053948	0.277027859	0.240705518	0.329033034	0.246975423	0.185624521	0.164008005	0.222407581	0.199973833	0.161055939	0.239701144	0.272977709	0.208678488	0.205968342	0.234654507	0.229420459
