id n14mass n15mass n14avgmass n993avgmass
A 71.03711378471 72.03414867811 71.0780195987321 72.0644460408663
R 156.1011110236 160.0892505972 156.185922201756 160.131627970293
N 114.04292744114 116.03699722794 114.102804388338 116.075657272607
D 115.02694302383 116.02397791723 115.087565349758 116.073991791892
C 103.00918478471 104.00621967811 103.142806833658 104.129233275792
E 129.04259308797 130.03962798137 129.11418275432 130.100609196455
Q 128.05857750528 130.05264729208 128.129421792901 130.10227467717
G 57.02146372057 58.01849861397 57.0514021941691 58.0378286363034
H 137.05891185845 140.05001653865 137.139515220448 140.098794546851
I 113.08406397713 114.08109887053 113.157871812421 114.144298254555
L 113.08406397713 114.08109887053 113.157871812421 114.144298254555
K 128.094963014 130.0890328008 128.172515778132 130.145368662401
M 131.04048491299 132.03751980639 131.196041642784 132.182468084918
F 147.06841391299 148.06544880639 147.174197994916 148.16062443705
P 97.05276384885 98.04979874225 97.1153729000596 98.1017993421938
S 87.03202840427 88.02906329767 87.0774245258626 88.0638509679968
T 101.04767846841 102.04471336181 101.104041930426 102.09046837256
W 186.07931294986 188.07338273666 186.210313754156 188.183166638424
Y 163.06332853255 164.06036342595 163.173602922046 164.160029364181
V 99.06841391299 100.06544880639 99.1312544078581 100.117680849992
