#	B	C	C1	C2	C3	D	D1	D2	D3	D4	E	E1	E2	E3	E4	E5
class frac	0.124688279	x	0.066001005	0.069135462	0.122164943	x	0.072398056	0.063931081	0.068642623	0.052664781	x	0.149694933	0.064483061	0.039722827	0.062817265	0.043655683
uL2	0.157908342	0.870692607	0.993108186	0.665747778	0.934786356	0.076498964	0.110785662	0.133011709	0.116988281	0.169796687	0.770503094	0.634131595	0.937198438	0.379996541	1	0.877670567
uL3	1	0.759060051	0.755001913	0.845318973	0.777463191	0.799924468	0.898546633	0.848150257	0.798791988	0.760758772	0.689127972	0.728859909	0.691487389	0.767365074	0.703567347	0.709418662
uL4	1	0.901765861	0.935329244	0.956730238	0.892995027	0.933574995	0.989708804	0.991112121	0.95754884	0.954742104	0.871710874	0.893228913	0.872178748	0.920009392	0.876973415	0.910887627
uL5	0.003414958	0	0.001775778	0.004917539	0.004371146	0.877644083	0.825053697	0.837484137	0.890074523	0.878873444	0.79076754	0.747056108	0.769731398	0.904553897	0.771780392	0.893489473
uL6	0.292871158	0.080720239	0.077168055	0.173199418	0.076065656	0.754287164	0.131798139	1	0.960926033	0.903111298	0.100440966	0.085619796	0.071411079	0.725379743	0.057814801	0.758084301
bL9	0.051481937	0.043396633	0.076397872	0.042406598	0.055937107	0.046696756	0.023595889	0.028216063	0.09454856	0.334962595	0.108574083	0.025080943	0.199492505	0.267475063	0.254439576	0.21120795
uL10	0.003617052	0	0	0.001808526	0	0.120086138	0.001808526	0.211597551	0.249938303	0.246321263	0	0	0.002712789	0.126235125	0	0.158788598
uL11	0.002065372	0	0.000563283	0.000751045	0.000187761	0.038866556	0.000375522	0.124110116	0.147955774	0.141196372	0.000187761	0.000187761	0.002253134	0.042997302	0.000375522	0.141759655
uL13	1	0.80857504	0.816267362	0.886633059	0.826355602	0.773518319	0.877931929	0.826355602	0.791298881	0.763682226	0.716645643	0.743001288	0.723581359	0.788650707	0.724716267	0.741488022
uL14	0.18914981	0.784941533	0.690467185	0.824339385	0.809866732	0.096886511	0.139701511	0.133671228	0.11075616	0.078795672	0.647853202	0.65931073	0.636998689	0.556996952	0.649863256	0.634385575
uL15	0.832447646	0.712879052	0.733197913	0.792122583	0.703813692	0.930759672	1	0.970928438	0.945920635	0.969990664	0.832447646	0.863238529	0.832135054	0.924820295	0.834948446	0.89121602
uL16	0.210238876	0.132131035	0.162905857	0.15956076	0.134807109	0.481023852	0.129789473	0.646104066	0.696280373	0.776562553	0.078609603	0.084965277	0.098345628	0.177289734	0.095502303	0.327484263
bL17	0.321221665	0.206417514	0.205267537	0.251840853	0.211783985	0.233058193	0.212933942	0.401335421	0.253374142	0.255290722	0.176710257	0.198559453	0.17211042	0.204884225	0.163677391	0.18686821
uL18	0.000451128	0	0.041353384	0.002706767	0.001503759	0.93097742	1	0.931428539	0.936240606	0.916842096	0.953984947	0.975037559	0.977293219	0.949022572	0.881503722	0.916390977
bL19	0.443241303	0.958491273	0.945858108	0.946038577	1	0.389460388	0.299765374	0.554051618	0.377368709	0.356794815	0.841544805	0.857245949	0.857426418	0.679841162	0.899476631	0.764482917
bL20	1	0.866854287	0.87263037	0.954680142	0.88521918	0.834715645	0.904324644	0.888773742	0.858856684	0.832938428	0.790580598	0.813388661	0.801688394	0.829828235	0.793098386	0.83412324
bL21	1	0.859714822	0.862032068	0.942602532	0.876114099	0.867201462	0.926024928	0.934224566	0.881996415	0.863992891	0.792691641	0.812834237	0.788770071	0.840819973	0.785205001	0.809982166
uL22	1	0.919703392	0.941737321	0.978389792	0.928813568	0.866949172	0.956567816	0.951694937	0.864618617	0.859322018	0.849364401	0.858474577	0.860381319	0.839830504	0.880296645	0.863559315
uL23	1	0.854278683	0.879082287	0.933030226	0.871847854	0.833195553	0.948945852	0.684167014	0.855932227	0.853245129	0.787722205	0.81335267	0.814179442	0.819140163	0.793716391	0.808185257
uL24	1	0.858906524	0.869664921	0.95202816	0.876895897	0.882539679	0.939506129	0.932804243	0.90546738	0.880423241	0.79012342	0.821340354	0.78906524	0.864726593	0.799823637	0.833862385
bL25	0.00343474	0	0.000245339	0.006133465	0.000981354	0.971050081	0.929833153	0.985524987	1	0.982826316	0.76300293	0.775760553	0.788518177	0.854759577	0.64499509	0.82188421
bL27	0.020521354	0.006655574	0.008874099	0.00942873	0.006100943	0.935940085	1	0.935385465	0.953133677	0.995562977	0.765668326	0.844703291	0.82834163	0.867165837	0.584026609	0.574597882
bL28	0.347083604	0.276728825	0.252690932	0.356464218	0.285230021	0.430043624	0.254449799	0.296662673	0.60329227	0.979104058	0.496001219	0.242430853	0.591273308	0.925458564	0.885004526	0.689183714
uL29	1	0.900175115	0.901050755	0.955341491	0.914477483	0.840338598	0.917104465	0.73380035	0.893753631	0.90572096	0.810566217	0.825452408	0.852305864	0.846760083	0.799766471	0.84500874
uL30	0.13877266	0.093096233	0.084728035	0.129358438	0.095536958	0.909693113	1	0.990934399	0.942817276	0.892608067	0.826011149	0.870641515	0.831589916	0.884239878	0.793235655	0.793235655
bL32	0.411073337	0.353959616	0.357961216	0.406707963	0.35104934	0.303393957	0.322674387	0.335406755	0.307759331	0.307395556	0.302302613	0.32776733	0.282294614	0.350685565	0.28520487	0.294663188
bL33	0.009899978	0.013773883	0.162703999	0.020660825	0.061982474	0.228129929	0.30302543	0.259121169	0.245777723	0.600024763	0.168299635	0.232003851	0.207038685	0.434738165	0.195847401	0.175186582
bL34	0.849120401	0.894424039	0.928509655	0.838765289	0.902621875	0.703285688	0.768005232	0.456488493	0.777928889	0.87112499	0.810288684	0.778791799	0.881911651	0.701559821	0.854297957	0.826252807
bL35	0.271403907	0.195463651	0.220556951	0.251923581	0.192492079	0.341731207	0.424605148	0.370126248	0.353617493	0.363192599	0.285601445	0.333807016	0.326873332	0.346683844	0.262159006	0.33677857
bL36	0.172935997	0.029799705	0.037127502	0.062530532	0.046409379	0.819736217	0.166585244	0.90131902	0.948705363	1	0.076209084	0.067904251	0.103077671	0.50415239	0.073766486	0.397166577
h1	1	0.903607651	0.923900806	0.976042819	0.921082311	0.894306634	0.950394578	0.939120596	0.928974049	0.912344981	0.819052971	0.828635831	0.868094706	0.868094706	0.875140914	0.860202907
h2	1	0.891399331	0.945021866	0.977406218	0.921223107	0.879951785	0.984636278	0.983129991	0.935231229	0.958276877	0.821509276	0.865190552	0.876336788	0.924838104	0.885073069	0.923783749
h3	0.970518868	0.898584901	0.929245256	0.978773551	0.913915111	0.866745261	0.950471705	1	0.911556602	0.913915111	0.84787732	0.8726415	0.890330154	0.909198094	0.893867884	0.925707526
h4	1	0.865541885	0.908316233	0.943592357	0.900988422	0.87286977	0.974437609	0.966939312	0.929277413	0.901499659	0.819700038	0.85122694	0.866734772	0.898432161	0.854124027	0.906952933
h5	0.995225121	0.847203288	0.893587994	0.938608469	0.867667181	0.890177345	0.986357479	1	0.920873184	0.90518417	0.7946794	0.845498001	0.824010935	0.884038236	0.842769467	0.874147347
h6	1	0.854981107	0.914564967	0.950504421	0.899432511	0.883039115	0.95586378	0.944199237	0.947667081	0.942622975	0.794451422	0.832912963	0.868537232	0.91204288	0.845208079	0.891866318
h7	0.993885962	0.866628759	0.913266057	0.970851712	0.904023908	0.904734828	0.984501629	1	0.94639556	0.924356599	0.810180576	0.84672262	0.86876152	0.899616078	0.856106892	0.909995762
h8	0.992260948	0.89165286	0.94637924	0.983416275	0.914317293	0.894416824	1	0.943615277	0.981757873	0.941956874	0.85129908	0.895522385	0.899391911	0.910447767	0.889441676	0.9458264
h9	1	0.875213088	0.896692752	0.950221552	0.877599676	0.88032728	0.954653936	0.86293891	0.88953284	0.857142836	0.824070876	0.844868732	0.852028644	0.837026937	0.845891555	0.866689337
h10	0.938909619	0.96474712	0.960586826	0.962119531	0.989051917	0.951609364	0.913728895	0.850886851	0.989927749	1	0.923363231	0.966717741	0.928399356	0.994088043	0.925552904	0.938909619
h11	1	0.860478962	0.890673807	0.953592147	0.892458755	0.920868653	0.977985995	0.980365904	0.961475508	0.960583067	0.820318327	0.847835785	0.850215693	0.927859573	0.873419619	0.930983182
h12	0.958744674	0.883991505	0.844499268	0.947108564	0.912552914	0.899153716	1	0.970028181	0.93970376	0.907263725	0.831100146	0.877291983	0.882933698	0.948871653	0.857898467	0.89633282
h13	1	0.869323498	0.890824872	0.953846167	0.894717369	0.864689587	0.938646883	0.938832317	0.906765569	0.867840592	0.78721042	0.829101048	0.834291018	0.881186344	0.806487475	0.856719239
h14	1	0.90933228	0.931335379	0.982928684	0.92526553	0.849392995	0.926403596	0.966995433	0.885811841	0.8657056	0.803110746	0.850151705	0.842564517	0.899089523	0.828907398	0.851289853
h16	0.934472972	0.951307999	0.910903957	0.985755038	0.985237048	0.97617199	0.96503497	1	0.980834016	0.992489026	0.99119405	0.964257985	0.960373057	0.996892057	0.971769071	0.977985069
h18	0.963232856	0.908413369	0.930274918	0.966048375	0.935905956	0.954289528	0.981450813	1	0.977972836	0.974329245	0.903610476	0.921994048	0.936402799	0.969029508	0.947499188	0.946008658
h19	1	0.893058939	0.923807387	0.978973565	0.925389992	0.888084939	0.96992991	0.988695382	0.948451205	0.929685733	0.834953636	0.873841295	0.88853721	0.935337993	0.8803979	0.930816165
h20	1	0.894935292	0.935344804	0.989224114	0.926185325	0.881734885	0.976831881	0.978178838	0.937499993	0.948006428	0.84078659	0.872575405	0.892780161	0.960398662	0.910560337	0.942349094
h21	0.774492327	0.669754203	0.653544733	0.687744899	0.708941958	0.883683672	0.75222661	0.77128612	0.931599591	0.999109387	0.848770938	0.747417144	0.909333797	1	0.898290038	0.934271508
h22	0.828080294	0.878614265	0.820265741	0.901536908	0.917686972	0.938525723	0.965355557	1	0.955978184	0.91273775	0.872623125	0.934618418	0.916124039	0.918207931	0.875488456	0.914040147
h23	1	0.876008322	0.924409903	0.966238433	0.903196902	0.882282604	0.99282941	0.995817102	0.943232751	0.907379735	0.823722741	0.856886769	0.897221388	0.877203463	0.885270361	0.906483428
h24	1	0.878346764	0.918005353	0.967202199	0.902945115	0.89959846	0.98075637	0.998828671	0.967034867	0.936579652	0.811412355	0.852075013	0.859772465	0.918172686	0.861445793	0.892403006
h25	1	0.88753732	0.918693904	0.982287641	0.915919737	0.878361045	0.950277375	0.957746471	0.931498029	0.927870179	0.82522406	0.849978628	0.866410509	0.90076824	0.879641429	0.885189856
h26	1	0.894948089	0.927400434	0.964202047	0.928069541	0.886584106	0.996654392	0.998661713	0.912010682	0.930076935	0.840080296	0.861492084	0.916025397	0.898293697	0.875878176	0.92438938
h27	1	0.864085329	0.896681193	0.950612424	0.883642864	0.859344127	0.940142287	0.943895757	0.896483646	0.889766893	0.79593049	0.836823393	0.832674831	0.876728564	0.831292005	0.854800471
h28	1	0.87030565	0.897816599	0.984716171	0.913100427	0.835152835	0.91026196	0.929475938	0.892576431	0.88165933	0.787991235	0.836244516	0.843231374	0.875327481	0.819432333	0.861135334
h29	0.836192814	0.813317	0.824346374	0.794934651	0.827205884	0.898284347	0.978349652	1	0.93055558	0.910539187	0.862745115	0.889297417	0.93055558	0.938316955	0.922385628	0.941993443
h31	0.75291158	0.771167783	0.805791651	0.708530064	0.793515885	0.917532298	0.990557177	1	0.945546148	0.938306618	0.839471251	0.887944598	0.887315085	0.912181305	0.857097941	0.882278917
h32	0.929523668	0.869090171	0.900745824	0.965783682	0.900362127	0.819976064	0.91321622	0.88808358	0.878682841	0.89326357	0.806546426	0.840120563	0.851439785	0.876380577	0.847986514	0.918204362
h33	0.847253209	0.896828916	0.976105385	1	0.9341224	0.831621244	0.823582001	0.512058962	0.886556479	0.988611015	0.838544037	0.871817753	0.932782542	0.806163462	0.936355496	0.892586033
h34	0.403150176	0.952746993	0.993624563	1	0.963997721	0.16951059	0.335458445	0.040690042	0.177386081	0.305269078	0.858991174	0.881867564	0.926682885	0.615225939	0.952746993	0.921807594
h35	0.269845811	0.800139783	0.865923117	0.805733638	0.826990122	0.165800776	0.265818243	0.185043513	0.19623115	0.427367752	0.719365065	0.739055311	0.831465187	0.503891153	0.82452889	0.804838596
h36	1	0.897693788	0.934003934	0.998282664	0.936702712	0.837340558	0.947497505	0.925417038	0.899656565	0.887634943	0.799313076	0.836113836	0.85132485	0.896221785	0.856231633	0.919038253
h37	0.893270859	0.73281379	0.762395271	0.808560273	0.748949117	0.881617584	0.841279219	0.801389001	0.904027743	0.960949727	0.721160467	0.698302063	0.698302063	0.913440041	0.770014739	0.911199064
h38	0.330345438	0.253741673	0.251936849	0.276535633	0.270987533	0.769981622	0.822521348	0.828804723	0.818778072	0.80534236	0.706479324	0.728738567	0.800462692	0.778537723	0.700062263	0.758618049
h39	0.965600356	0.838080649	0.859991207	0.914986894	0.849035928	0.918273421	0.899430288	1	0.988387416	0.945442612	0.80740583	0.800175281	0.840052565	0.926161275	0.806529328	0.945880815
h40	1	0.853177881	0.895087427	0.966694409	0.890369108	0.778517887	0.888981403	0.877601978	0.815709114	0.840688292	0.739938955	0.788509547	0.798501206	0.832084338	0.799333889	0.832084338
h41	1	0.881048421	0.920406761	0.986676048	0.90646914	0.832047686	0.925227921	0.918302939	0.882363263	0.872720942	0.795319105	0.833011902	0.843092579	0.903401101	0.842040707	0.888849964
h42	0.296352341	0.136141831	0.151728157	0.191701267	0.119707263	0.72799826	0.242701445	0.854385399	0.931468786	0.933483399	0.235809526	0.167208456	0.203894659	0.690994009	0.18703597	0.762563881
h43	0.007374548	0	0.000245818	0.004178911	0.000245818	0.276545544	0.001720728	0.485736917	0.623149315	0.608891867	0	0.000983273	0.002949819	0.14626187	0.000491636	0.42747795
h44	0.008311372	0	0.002327184	0.004654368	0.00066491	0.323811022	0.005984187	0.544893514	0.723089266	0.70879377	0	0.001994729	0.001994729	0.23604294	0.000997365	0.503669087
h45	1	0.870608882	0.857728317	0.931498831	0.906615904	0.898126481	0.961065571	0.960772837	0.908957842	0.890807932	0.817915684	0.829625312	0.859192052	0.879976571	0.839285736	0.82523417
h46	1	0.900755539	0.936355359	0.979967941	0.928685895	0.899038441	0.983974373	0.97561811	0.960622683	0.954441385	0.841575097	0.878090649	0.891826943	0.926511029	0.895833375	0.9173535
h47	1	0.891787453	0.92608693	0.983333344	0.914492744	0.868599028	0.967632852	0.781884065	0.931642482	0.886231901	0.837198045	0.872463791	0.893719782	0.897343005	0.886231901	0.87777775
h48	1	0.834209718	0.872564179	0.916176946	0.857717308	0.845963546	0.961645539	0.510980535	0.895453161	0.874729376	0.771110449	0.81255802	0.839158719	0.879059702	0.814104541	0.81812563
h49	1	0.737458227	0.775362339	0.803790423	0.753623209	0.853400235	0.965997767	0.605908578	0.889074737	0.879598709	0.677814923	0.72240805	0.701783725	0.702341128	0.704013397	0.697324443
h50	1	0.856509535	0.893607046	0.949370019	0.873775017	0.872841764	0.970368614	0.890107246	0.910639214	0.919738632	0.800979875	0.829444645	0.869108651	0.871441885	0.860242648	0.856042909
h51	1	0.836499102	0.894972092	0.963873428	0.86703911	0.88007448	0.981750498	0.722532578	0.942644306	0.919553104	0.795903181	0.849906904	0.84432034	0.906145301	0.843202962	0.876722509
h52	0.744639035	0.902966432	0.956576118	0.951215173	0.933166608	0.742494688	0.766440363	0.154038606	0.888313083	1	0.854538996	0.902609041	0.904038606	0.930664792	0.921015075	0.941208064
h53	1	0.805952635	0.854698841	0.924068389	0.833372341	0.834778505	0.94328567	0.691820918	0.890789779	0.845324553	0.762830982	0.808061855	0.831497524	0.850011697	0.81181154	0.827747789
h54	0.659496238	0.89869467	0.915241827	1	0.917999633	0.520500092	0.609303207	0.218238647	0.601029629	0.621805501	0.830851281	0.859716878	0.859349171	0.858429902	0.851259446	0.838205591
h55	0.298028306	0.925429647	0.957027262	1	0.961324558	0.159251759	0.230283115	0.2679474	0.148129425	0.121334671	0.881193086	0.912285094	0.925176872	0.941860394	0.946410465	0.943882709
h56	0.409139402	0.884601645	0.917318628	1	0.913940239	0.198613087	0.299075378	0.144559027	0.253556176	0.212660024	0.824502087	0.846372678	0.876066807	0.947546174	0.8728663	0.871088164
h57	0.023183122	0.901536908	0.911956311	1	0.925501468	0.005470175	0.008595989	0.119822872	0.016150039	0.013805679	0.836415749	0.860380366	0.901015949	0.885647323	0.871320728	0.89476433
h58	0.041388779	0.923695607	0.937132242	1	0.94644961	0.015692428	0.030600235	0.029227147	0.025205964	0.022655943	0.854060452	0.881620253	0.899960761	0.866025865	0.891624151	0.893291524
h59	0.011444921	0.931902742	0.915593737	1	0.952789689	0.003719599	0.006580829	0.027467811	0.003433476	0.003433476	0.864663836	0.891845491	0.918741029	0.895278963	0.89442061	0.897854082
h60	0.836829895	0.882284398	0.957264946	1	0.909867895	0.619269615	0.759906799	0.160062162	0.719891195	0.729603769	0.817793325	0.86208235	0.8958819	0.952602948	0.885392425	0.887723382
h61	0.699276566	0.927147546	0.967736617	0.986532897	0.968009022	0.378377542	0.561164655	0.331386812	0.43285955	0.319945578	0.8634036	0.89799965	0.931097473	0.871031051	0.944173136	0.892823842
h62	0.066435184	0.85000001	1	0.472685165	0.949074062	0.001851852	0.022222222	0.015972222	0.021990741	0.011805555	0.760879619	0.64305558	0.956018572	0.274305559	0.972916692	0.867129607
h63	0.017053396	0.939754004	0.967291056	0.935979905	1	0.009924518	0.009924518	0.034386359	0.008526698	0.011741684	0.869303883	0.889991632	0.945904411	0.549762403	0.987419628	0.902012888
h64	0.096851849	0.903703655	1	0.781296308	0.967037038	0.04444444	0.061481481	0.110370365	0.07296296	0.055370369	0.791111092	0.790000002	0.917036969	0.416851828	0.959444433	0.831851841
h65	0.141306233	0.845606228	0.899897561	0.686450822	0.923324674	0.054291343	0.105979677	0.30641141	0.101889233	0.075487279	0.716199488	0.678269933	0.906219194	0.371858523	0.886510673	0.861596155
h66	0.046822176	0.898073031	1	0.795638898	0.956220393	0.014874915	0.027890466	0.034989858	0.05070994	0.141142661	0.806287998	0.768931671	0.962812703	0.438133871	0.981575382	0.908553027
h67	0.01832392	0.757563242	0.861747834	0.529299561	0.811487951	0	0.014135596	0.007329568	0.001570622	0.002094162	0.67484385	0.551811766	0.749186585	0.156538639	0.975879617	0.806776064
h68	0.046013425	0.107778337	0.169925101	0.074843416	0.139663158	0.064915204	0.059855637	0.08467616	0.084771622	0.119043032	0.158278548	0.083626061	0.126775583	0.101191346	0.926569106	0.686669229
h69	0.005029536	0.000335302	0.006035444	0.003353024	0.010394375	0	0.006035444	0.000670605	0	0	0	0.003017722	0.012741492	0.001005907	0.322225645	0.125738415
h70	0.007406611	0.056784018	0.031272357	0.048554454	0.15883066	0	0.013990267	0.008229568	0	0	0.129204223	0.032095315	0.057606976	0.021396877	0.990839975	0.598289593
h71	0.041315677	0.079022994	0.085698455	0.059537871	0.09237391	0.021108881	0.036985648	0.02543891	0.032836039	0.034098964	0.069100014	0.054666593	0.074151711	0.067476256	0.278745499	0.355783882
h72	1	0.864839137	0.91585229	0.945411231	0.889153841	0.890822462	0.953754542	0.966388591	0.918474408	0.930631709	0.805005976	0.843146654	0.8445769	0.912038196	0.829320681	0.896543551
h73	0.739515464	0.814479491	0.88039613	0.815987358	0.823311471	0.780013258	0.815556539	0.826542614	0.836020822	0.842052478	0.770965916	0.794015208	0.815556539	0.821588101	0.831927947	0.838175012
h74	0.315559419	0.261919147	0.439914624	0.247582859	0.282698708	0.517717198	0.229219532	0.273355966	0.756762708	0.835370675	0.515300946	0.341010351	0.326029747	0.811047295	0.685242346	0.835692833
h75	0.038046051	0.37499936	0.772207462	0.052063021	0.470023475	0.47056958	0.086468303	0.123058044	0.727972093	0.985010458	0.719234177	0.33658923	0.814258331	0.959707122	0.900908639	0.90982859
h76	0.000156743	0.157056463	0.570074218	0.004388803	0.231039152	0.136679873	0.004545546	0.004702289	0.309567366	0.604400907	0.331981617	0.118497694	0.634809065	0.561139873	0.678697127	0.569760739
h77	0.001445978	0.060152669	0.626686724	0.00260276	0.146043733	0.001735173	0.001156782	0.000867587	0.052344389	0.393884314	0.105267174	0.017062537	0.537614481	0.357156477	0.687996172	0.500019074
h78	0.000749869	0.00959832	0.158222321	0.001349764	0.03194441	0.001349764	0	0.000749869	0.005699002	0.043792338	0.008848452	0.003749344	0.068837955	0.056390132	0.172919739	0.098532758
h79	0.229546335	0.758045765	1	0.227995335	0.821442371	0.370880182	0.226056616	0.006979449	0.573865828	0.832687073	0.803799882	0.695036815	0.91178747	0.862155873	0.90248155	0.859053872
h80	0.297367021	0.025651467	0.067928891	0.063653646	0.047027693	0.393797541	0.104981011	0.14203313	0.674063581	0.913477306	0.178610219	0.076954405	0.121131929	0.842223226	0.388097223	0.628460984
h81	0.138881233	0.105538714	0.111325432	0.110774319	0.10746762	0.926150459	0.950399569	0.94516395	1	0.977679818	0.838522988	0.823091741	0.89887021	0.982639825	0.853403129	0.98098651
h82	0.004836759	0	0.004030633	0.005642886	0.014913342	0.939943606	1	0.924224094	0.993954081	0.982668267	0.892785159	0.879484068	0.928657791	0.986698909	0.933091488	0.91777512
h83	0.00244948	0	0.001530925	0.004592774	0.017452542	0.928965149	0.91304351	0.94243729	0.973361964	0.987140284	0.902633226	0.85639927	0.925903293	1	0.943968185	0.990814498
h84	0.004334808	0	0.001529932	0.003059864	0.002549887	0.734622449	0.633901884	0.690764362	0.787660115	0.818258716	0.627017213	0.563270009	0.625232272	0.766751007	0.683879691	0.793014829
h85	0.000434028	0	0.000434028	0.001302083	0	0.913628461	1	0.994791674	0.924479132	0.89973956	0.868489604	0.88802085	0.949652818	0.874565969	0.879774295	0.881944486
h86	0.090867268	0.086726481	0.098228667	0.098228667	0.089026917	0.906832315	0.933287325	0.951230785	0.97331495	1	0.873015849	0.852772098	0.936968053	0.965033338	0.896020272	0.951690863
h87	0.004916421	0.000491642	0.036381514	0.004424779	0.004424779	0.94591936	0.97492621	0.977876112	0.992625299	0.995575201	0.946410992	0.940019663	0.979351009	0.986725603	0.969026513	1
h88	0.16230451	0.248483893	0.430258545	0.181136298	0.265400586	0.958187093	0.935525064	0.859878736	1	0.959144623	0.864028103	0.794765447	0.8981807	0.973507851	0.888286015	0.878710507
h89	0.185131334	0.068387593	0.08969492	0.104367628	0.076170509	0.532938386	0.098498541	0.657720223	0.696252006	0.72521465	0.084718958	0.070684188	0.086122435	0.473226834	0.106791817	0.574659881
h90	0.623245143	0.194297524	0.210236776	0.272581475	0.202771569	0.748943335	0.377498094	0.863141012	0.834894253	0.845991163	0.229404236	0.236264167	0.213061465	0.689221545	0.184209386	0.677922832
h91	0.168604095	0.09423139	0.113116608	0.155754368	0.101629726	0.736523448	0.084886126	0.914667491	0.87553421	0.876312967	0.255631849	0.130054892	0.110974985	0.839321351	0.141736474	0.919534805
h92	0.533378063	0.034510129	0.046741569	0.135419499	0.032325945	0.555219918	0.081688536	0.690202601	0.692386791	0.656129309	0.111830294	0.067709749	0.08562007	0.715102303	0.060720356	0.726023254
h93	0.277352406	0.122236581	0.188790549	0.127274519	0.165987195	0.326671273	0.211063588	0.28848894	0.381293256	0.666865488	0.201252848	0.16492658	0.218222784	0.628948276	0.152199117	0.731033076
h94	1	0.886017222	0.930086146	0.981113329	0.917329386	0.885354544	0.960238552	0.94831014	0.921968201	0.929754807	0.823889974	0.860337961	0.892478473	0.909874119	0.881047068	0.895294924
h95	0.628519998	0.895656592	0.87568379	0.888790975	0.933105642	0.77394718	0.626647581	0.875267697	0.768745933	0.768329841	0.892119806	0.857167311	0.837610601	0.900649793	0.871106682	0.980957276
h96	0.743153967	0.888840701	0.932027195	1	0.925857722	0.639138393	0.604177925	0.699859238	0.636432479	0.583612908	0.825522176	0.871089927	0.884727782	0.903236199	0.883212402	0.883753576
h97	0.713488378	0.61023256	0.611007739	0.668837212	0.6085271	0.915503843	0.634108534	0.996589147	1	0.979069772	0.678604665	0.583255804	0.572403101	0.948682163	0.601705393	0.956899191
h98	1	0.85331229	0.855835968	0.948895869	0.848265001	0.858675098	0.929653	0.871608805	0.862460581	0.830599388	0.806309162	0.826182934	0.799053646	0.878548869	0.812618256	0.791167159
h99	1	0.847143969	0.868061103	0.934835012	0.855189039	0.832126541	0.910699862	0.872619935	0.842316916	0.808527717	0.786806093	0.804773374	0.787610582	0.863770376	0.808527717	0.813622933
h100	1	0.908557684	0.944789537	0.992063497	0.94375436	0.84610076	0.863354077	0.876466538	0.846445819	0.832298182	0.834713594	0.891994485	0.879227083	0.916494187	0.898550753	0.850931734
h101	0.812205533	0.893122577	0.920653203	1	0.924002871	0.663351816	0.723018906	0.675389911	0.65644299	0.606511007	0.843399949	0.885166935	0.883387424	0.888412016	0.880875082	0.885062258
h102	1	0.867114597	0.923852131	0.963792438	0.871593874	0.883911906	0.917506523	0.948114928	0.885404971	0.898469535	0.824934693	0.841732001	0.88652477	0.856662897	0.848824142	0.904068692
h103	0.561672196	0.887417257	0.986754956	0.887831156	0.922599319	0.59312912	0.551738435	0.430877483	0.704056311	0.796357633	0.817466852	0.810430476	0.935430465	0.883278175	0.935430465	1
h104	1	0.860678955	0.920438488	0.959335244	0.879066456	0.892149959	0.976308347	0.971357871	0.912659137	0.831329549	0.807637896	0.838048101	0.880834533	0.870226306	0.887199407	0.86562943
h105	1	0.723048348	0.767658018	0.822180888	0.765799251	0.830235455	0.934944229	0.441140029	0.916356895	0.928748428	0.699504347	0.736059449	0.779429985	0.811028487	0.747211917	0.713754648
h106	0.388206372	0.873464378	0.958230907	1	0.907862407	0.119164616	0.230958219	0.300982789	0.208845196	0.120393119	0.781326786	0.812039317	0.858722318	0.884520873	0.836609328	0.820638791
h107	1	0.850340106	0.903525051	0.963821861	0.869820648	0.746134809	0.930426665	0.411564608	0.864873176	0.840136022	0.80024738	0.859307355	0.895176219	0.860234981	0.864563968	0.877241787
h108	0.000416493	0	0	0	0.000832986	0.938983773	0.978342328	0.93044565	0.957934202	0.960016627	0.959391899	0.935651803	0.975843418	1	0.916284889	0.975843418
h109	0.002167434	0	0	0.002709293	0.001354646	0.918721213	0.833920355	0.873746947	0.959360577	0.99864538	0.845299339	0.778921666	0.83906797	1	0.819290165	0.97561637
h110	0.000213386	0	0.000213386	0.007468496	0.000640157	0.845433798	0.79806219	0.790807035	0.902621139	0.972184881	0.846714087	0.801263004	0.836898355	0.980080088	0.813639314	0.939963634
h111	0.005165289	0	0.002410468	0.002410468	0.000688705	0.908746543	0.930785129	0.9352617	0.971418693	0.971418693	0.863980679	0.845385701	0.887052303	1	0.831267221	0.965564737
h112	0.074160586	0.025109488	0.020437955	0.030072992	0.029197081	0.895182436	0.946861274	1	0.929635016	0.901897824	0.817810226	0.852262742	0.884963468	0.915328472	0.814598547	0.864817495
